   5.0000000e+00
   5.0000000e+00
   5.0000000e+00
   5.0000000e+00
   5.0000000e+00
   5.0000000e+00
   5.0000000e+00
   5.0000000e+00
   5.0000000e+00
   5.0000000e+00
   5.0000000e+00
   5.0000000e+00
   5.0000000e+00
   5.0000000e+00
   5.0000000e+00
   5.6200000e+00
   6.3100000e+00
   6.1500000e+00
   5.9100000e+00
   6.2100000e+00
   6.1000000e+00
   5.6400000e+00
   5.2800000e+00
   5.1200000e+00
   5.1500000e+00
   5.5900000e+00
   5.1300000e+00
   5.1900000e+00
   5.1500000e+00
   5.7000000e+00
   5.4300000e+00
   5.2100000e+00
   5.0800000e+00
   5.1300000e+00
   5.6800000e+00
   5.0300000e+00
   4.8600000e+00
   5.0400000e+00
   5.7400000e+00
   6.6100000e+00
   7.6400000e+00
   8.3300000e+00
   7.9400000e+00
   7.8700000e+00
   7.3300000e+00
   7.1900000e+00
   6.8300000e+00
   6.4300000e+00
   5.8600000e+00
   5.5600000e+00
   5.1400000e+00
   4.6400000e+00
   3.9400000e+00
   2.1500000e+00
   1.8400000e+00
   2.1200000e+00
   3.0100000e+00
   3.2500000e+00
   5.2800000e+00
   6.4300000e+00
   7.3100000e+00
   7.9300000e+00
   8.6800000e+00
   8.2800000e+00
   8.5500000e+00
   8.0500000e+00
   7.1300000e+00
   5.5800000e+00
   5.8500000e+00
   3.2100000e+00
   3.9800000e+00
   3.9800000e+00
   5.6300000e+00
   6.5900000e+00
   7.4900000e+00
   7.5600000e+00
   7.9800000e+00
   7.9700000e+00
   8.1700000e+00
   8.2100000e+00
   9.1200000e+00
   7.0500000e+00
   6.4500000e+00
   4.9900000e+00
   3.4600000e+00
   3.0000000e+00
   3.0000000e+00
   3.0000000e+00
   3.0000000e+00
   3.0000000e+00
   3.0000000e+00
   3.0000000e+00
   3.0000000e+00
   3.0000000e+00
   3.0000000e+00
   3.0000000e+00
   3.0000000e+00
   3.0000000e+00
   3.0000000e+00
   3.0000000e+00
   3.0000000e+00
   3.0000000e+00
   3.0000000e+00
   3.0000000e+00
   3.0000000e+00
   3.5400000e+00
   5.7700000e+00
   6.0900000e+00
   7.4000000e+00
   9.5400000e+00
   1.0720000e+01
   1.1560000e+01
   1.1470000e+01
   1.1450000e+01
   1.1420000e+01
   1.1550000e+01
   1.2050000e+01
   1.2050000e+01
   1.1850000e+01
   1.0270000e+01
   1.0720000e+01
   1.0770000e+01
   1.1190000e+01
   1.0270000e+01
   1.0360000e+01
   9.8700000e+00
   9.9400000e+00
   9.8600000e+00
   9.3100000e+00
   8.5400000e+00
   7.5800000e+00
   6.6500000e+00
   6.2900000e+00
   7.3300000e+00
   7.9600000e+00
   8.3000000e+00
   9.3200000e+00
   1.0940000e+01
   1.1570000e+01
   1.1940000e+01
   1.3040000e+01
   1.3870000e+01
   1.3860000e+01
   1.4450000e+01
   1.4980000e+01
   1.4840000e+01
   1.4590000e+01
   1.4340000e+01
   1.4600000e+01
   1.4330000e+01
   1.4370000e+01
   1.4260000e+01
   1.4610000e+01
   1.4850000e+01
   1.4920000e+01
   1.4540000e+01
   1.4560000e+01
   1.4450000e+01
   1.4680000e+01
   1.4630000e+01
   1.4680000e+01
   1.4560000e+01
   1.4520000e+01
   1.4880000e+01
   1.4940000e+01
   1.5010000e+01
   1.5050000e+01
   1.5310000e+01
   1.5160000e+01
   1.5890000e+01
   1.6570000e+01
   1.7540000e+01
   1.7740000e+01
   1.8230000e+01
   1.9170000e+01
   1.9640000e+01
   2.0070000e+01
   2.0520000e+01
   2.0970000e+01
   2.1230000e+01
   2.1290000e+01
   2.1000000e+01
   2.0830000e+01
   2.1040000e+01
   2.1150000e+01
   2.1100000e+01
   2.1100000e+01
   2.1240000e+01
   2.1060000e+01
   2.1110000e+01
   2.1200000e+01
   2.1310000e+01
   2.1350000e+01
   2.1620000e+01
   2.1930000e+01
   2.2180000e+01
   2.1230000e+01
   2.1280000e+01
   2.1320000e+01
   2.1240000e+01
   2.1290000e+01
   2.1340000e+01
   2.1670000e+01
   2.1470000e+01
   2.1420000e+01
   2.1360000e+01
   2.1410000e+01
   2.1490000e+01
   2.1510000e+01
   2.1460000e+01
   2.1520000e+01
   2.1560000e+01
   2.1210000e+01
   2.1420000e+01
   2.1300000e+01
   2.1280000e+01
   2.1290000e+01
   2.1160000e+01
   2.1150000e+01
   2.1020000e+01
   2.1080000e+01
   2.1090000e+01
   2.1050000e+01
   2.1390000e+01
   2.1430000e+01
   2.1370000e+01
   2.1380000e+01
   2.1540000e+01
   2.1460000e+01
   2.1490000e+01
   2.1400000e+01
   2.1500000e+01
   2.1660000e+01
   2.1670000e+01
   2.1120000e+01
   2.1240000e+01
   2.1480000e+01
   2.1260000e+01
   2.1380000e+01
   2.1350000e+01
   2.1450000e+01
   2.1430000e+01
   2.0800000e+01
   1.9660000e+01
   1.7490000e+01
   1.4960000e+01
   1.4240000e+01
   1.2440000e+01
   1.0250000e+01
   9.4000000e+00
   5.2300000e+00
   4.9300000e+00
   4.7400000e+00
   5.1600000e+00
   8.9500000e+00
   1.0500000e+01
   1.0950000e+01
   1.1720000e+01
   1.1320000e+01
   1.1290000e+01
   1.1620000e+01
   1.0040000e+01
   1.0470000e+01
   9.3400000e+00
   7.4100000e+00
   6.0000000e+00
   1.1830000e+01
   1.2920000e+01
   1.2750000e+01
   1.4010000e+01
   1.5150000e+01
   1.5840000e+01
   1.7600000e+01
   1.9150000e+01
   1.9750000e+01
   2.0200000e+01
   2.1420000e+01
   2.2450000e+01
   2.2660000e+01
   2.3170000e+01
   2.3970000e+01
   2.4800000e+01
   2.5400000e+01
   2.6170000e+01
   2.6920000e+01
   2.7480000e+01
   2.8130000e+01
   2.8160000e+01
   2.8340000e+01
   2.8710000e+01
   2.9050000e+01
   2.9270000e+01
   2.9510000e+01
   2.9800000e+01
   3.0020000e+01
   2.9860000e+01
   2.9910000e+01
   2.9610000e+01
   2.9710000e+01
   2.9890000e+01
   2.9990000e+01
   3.0190000e+01
   2.9530000e+01
   2.9770000e+01
   2.9840000e+01
   2.9840000e+01
   2.9920000e+01
   3.0020000e+01
   3.0120000e+01
   3.0120000e+01
   3.0220000e+01
   3.0180000e+01
   3.0240000e+01
   3.0040000e+01
   3.0200000e+01
   3.0290000e+01
   3.0300000e+01
   3.0320000e+01
   3.0140000e+01
   2.9760000e+01
   2.9680000e+01
   2.9120000e+01
   2.9140000e+01
   2.9000000e+01
   2.8650000e+01
   2.8150000e+01
   2.7520000e+01
   2.6990000e+01
   2.6690000e+01
   2.6030000e+01
   2.5040000e+01
   2.3660000e+01
   2.3660000e+01
   2.1670000e+01
   2.0610000e+01
   1.8150000e+01
   1.6980000e+01
   1.6140000e+01
   1.4570000e+01
   1.3260000e+01
   1.2310000e+01
   1.1880000e+01
   1.5030000e+01
   1.4570000e+01
   1.4790000e+01
   1.6160000e+01
   1.6480000e+01
   1.7010000e+01
   1.7350000e+01
   1.7110000e+01
   1.6420000e+01
   1.5810000e+01
   1.5230000e+01
   1.4590000e+01
   1.1790000e+01
   1.0730000e+01
   7.8300000e+00
   5.9300000e+00
   5.9700000e+00
   8.0200000e+00
   9.0200000e+00
   1.0160000e+01
   1.1000000e+01
   1.2320000e+01
   1.2580000e+01
   1.4430000e+01
   1.6470000e+01
   1.6580000e+01
   1.7850000e+01
   1.9660000e+01
   2.0170000e+01
   2.0160000e+01
   2.1170000e+01
   2.1600000e+01
   2.1990000e+01
   2.2780000e+01
   2.3250000e+01
   2.4200000e+01
   2.5440000e+01
   2.5820000e+01
   2.6680000e+01
   2.6290000e+01
   2.6440000e+01
   2.6570000e+01
   2.6650000e+01
   2.6930000e+01
   2.6670000e+01
   2.6910000e+01
   2.6950000e+01
   2.6660000e+01
   2.6560000e+01
   2.6520000e+01
   2.6550000e+01
   2.6410000e+01
   2.6320000e+01
   2.6270000e+01
   2.5930000e+01
   2.5860000e+01
   2.5390000e+01
   2.5020000e+01
   2.4220000e+01
   2.4020000e+01
   2.3290000e+01
   2.2940000e+01
   2.2230000e+01
   2.1640000e+01
   2.1150000e+01
   2.0640000e+01
   2.0500000e+01
   2.0650000e+01
   2.0720000e+01
   2.0790000e+01
   2.0720000e+01
   2.0670000e+01
   2.0800000e+01
   2.0810000e+01
   2.0860000e+01
   2.1210000e+01
   2.1740000e+01
   2.2490000e+01
   2.3180000e+01
   2.3840000e+01
   2.4390000e+01
   2.4660000e+01
   2.4550000e+01
   2.4550000e+01
   2.4600000e+01
   2.4790000e+01
   2.4800000e+01
   2.4900000e+01
   2.4970000e+01
   2.5030000e+01
   2.5100000e+01
   2.5120000e+01
   2.5320000e+01
   2.5590000e+01
   2.5530000e+01
   2.5670000e+01
   2.5500000e+01
   2.5170000e+01
   2.4870000e+01
   2.4710000e+01
   2.4680000e+01
   2.4700000e+01
   2.4600000e+01
   2.4430000e+01
   2.4130000e+01
   2.3920000e+01
   2.3380000e+01
   2.2690000e+01
   2.2440000e+01
   2.2110000e+01
   2.1750000e+01
   2.1070000e+01
   2.0220000e+01
   1.9530000e+01
   1.8790000e+01
   1.8180000e+01
   1.8240000e+01
   1.8240000e+01
   1.7870000e+01
   1.7450000e+01
   1.7220000e+01
   1.7300000e+01
   1.7440000e+01
   1.7840000e+01
   1.8240000e+01
   1.8610000e+01
   1.7910000e+01
   1.7730000e+01
   1.7720000e+01
   1.8010000e+01
   1.7580000e+01
   1.7370000e+01
   1.7520000e+01
   1.7050000e+01
   1.7960000e+01
   1.8500000e+01
   1.7670000e+01
   1.8810000e+01
   1.9020000e+01
   1.9230000e+01
   1.8880000e+01
   1.9260000e+01
   1.9680000e+01
   2.0110000e+01
   2.0600000e+01
   2.1030000e+01
   2.1100000e+01
   2.1740000e+01
   2.1740000e+01
   2.2820000e+01
   2.2720000e+01
   2.3480000e+01
   2.3950000e+01
   2.4350000e+01
   2.4230000e+01
   2.4530000e+01
   2.5190000e+01
   2.5620000e+01
   2.5520000e+01
   2.6270000e+01
   2.5760000e+01
   2.6040000e+01
   2.5830000e+01
   2.5680000e+01
   2.5850000e+01
   2.4820000e+01
   2.4680000e+01
   2.4670000e+01
   2.4720000e+01
   2.4690000e+01
   2.4720000e+01
   2.4700000e+01
   2.4730000e+01
   2.4510000e+01
   2.4330000e+01
   2.3840000e+01
   2.3460000e+01
   2.3180000e+01
   2.3150000e+01
   2.2560000e+01
   2.2280000e+01
   2.1870000e+01
   2.1700000e+01
   2.1560000e+01
   2.1350000e+01
   2.1090000e+01
   2.0650000e+01
   2.0510000e+01
   2.0010000e+01
   1.9230000e+01
   1.8570000e+01
   1.7940000e+01
   1.7320000e+01
   1.6520000e+01
   1.5960000e+01
   1.5690000e+01
   1.4790000e+01
   1.4750000e+01
   1.4560000e+01
   1.4310000e+01
   1.4160000e+01
   1.3760000e+01
   1.3770000e+01
   1.3510000e+01
   1.3310000e+01
   1.2850000e+01
   1.2540000e+01
   1.2060000e+01
   1.1870000e+01
   1.1220000e+01
   9.9900000e+00
   9.6400000e+00
   9.4000000e+00
   8.7900000e+00
   8.2800000e+00
   7.9800000e+00
   7.2800000e+00
   7.6900000e+00
   8.2900000e+00
   9.1200000e+00
   8.4500000e+00
   8.6300000e+00
   9.4400000e+00
   1.0350000e+01
   1.1270000e+01
   1.1380000e+01
   1.2030000e+01
   1.3130000e+01
   1.4100000e+01
   1.4850000e+01
   1.5340000e+01
   1.5070000e+01
   1.5060000e+01
   1.4770000e+01
   1.4600000e+01
   1.4390000e+01
   1.4190000e+01
   1.3970000e+01
   1.4020000e+01
   1.4110000e+01
   1.4080000e+01
   1.4270000e+01
   1.4230000e+01
   1.4190000e+01
   1.3830000e+01
   1.3820000e+01
   1.2910000e+01
   1.0720000e+01
   9.4000000e+00
   5.0300000e+00
   3.4900000e+00
   3.2200000e+00
   4.2300000e+00
   6.0200000e+00
   6.4800000e+00
   8.5500000e+00
   9.7700000e+00
   1.1710000e+01
   1.2280000e+01
   1.2510000e+01
   1.3060000e+01
   1.3890000e+01
   1.4350000e+01
   1.4100000e+01
   1.4120000e+01
   1.4030000e+01
   1.3750000e+01
   1.3490000e+01
   1.3480000e+01
   1.3470000e+01
   1.3460000e+01
   1.3430000e+01
   1.3460000e+01
   1.3470000e+01
   1.3620000e+01
   1.3520000e+01
   1.3390000e+01
   1.3510000e+01
   1.3660000e+01
   1.3620000e+01
   1.3330000e+01
   1.2950000e+01
   1.2670000e+01
   1.2520000e+01
   1.2250000e+01
   1.1970000e+01
   1.0620000e+01
   1.0440000e+01
   9.6000000e+00
   1.0810000e+01
   1.1550000e+01
   1.0220000e+01
   9.6100000e+00
   7.6300000e+00
   7.0200000e+00
   7.4500000e+00
   8.0100000e+00
   8.6900000e+00
   9.0800000e+00
   9.4900000e+00
   9.9200000e+00
   9.4800000e+00
   9.6500000e+00
   9.3700000e+00
   8.8800000e+00
   8.5900000e+00
   7.5400000e+00
   5.2400000e+00
   3.7900000e+00
   4.0200000e+00
   5.6800000e+00
   7.8800000e+00
   8.1700000e+00
   8.5200000e+00
   8.9200000e+00
   8.9200000e+00
   8.1500000e+00
   6.8100000e+00
   5.7200000e+00
   5.7400000e+00
   7.0700000e+00
   7.6000000e+00
   7.8300000e+00
   8.4100000e+00
   8.8000000e+00
   8.6100000e+00
   9.2700000e+00
   9.0200000e+00
   8.9300000e+00
   8.8200000e+00
   8.2000000e+00
   7.1900000e+00
   6.3700000e+00
   6.1100000e+00
   6.3300000e+00
   6.7400000e+00
   6.4000000e+00
   6.4600000e+00
   6.3300000e+00
   6.2600000e+00
   7.8700000e+00
   8.2600000e+00
   8.2100000e+00
   8.3400000e+00
   9.5300000e+00
   9.9700000e+00
   1.0190000e+01
   1.0120000e+01
   9.7800000e+00
   9.6300000e+00
   9.6600000e+00
   9.6800000e+00
   9.5100000e+00
   8.7400000e+00
   9.0800000e+00
   1.0100000e+01
   1.0190000e+01
   1.0280000e+01
   1.0450000e+01
   1.0230000e+01
   1.0310000e+01
   9.8100000e+00
   1.0250000e+01
   9.8300000e+00
   9.6000000e+00
   8.8100000e+00
   8.5200000e+00
   8.4200000e+00
   8.4700000e+00
   7.3100000e+00
   6.6200000e+00
   7.1900000e+00
   7.4900000e+00
   8.8500000e+00
   8.5200000e+00
   8.2500000e+00
   7.4900000e+00
   7.3300000e+00
   7.7000000e+00
   8.3600000e+00
   8.4900000e+00
   9.8400000e+00
   9.6900000e+00
   9.5300000e+00
   9.7600000e+00
   9.0600000e+00
   8.9400000e+00
   8.3600000e+00
   3.9700000e+00
   2.5500000e+00
   2.5800000e+00
   3.6800000e+00
   4.4500000e+00
   5.1700000e+00
   5.3000000e+00
   5.1400000e+00
   4.6700000e+00
   3.9600000e+00
   3.0000000e+00
   3.0000000e+00
   3.0000000e+00
   3.0000000e+00
   3.0000000e+00
   3.0000000e+00
   3.0000000e+00
   3.0000000e+00
   3.0000000e+00
   3.0000000e+00
   3.0000000e+00
   3.0000000e+00
   3.0000000e+00
