   1.5380500e+02
   1.5380500e+02
   1.5380500e+02
   1.5380500e+02
   1.5380500e+02
   1.5380500e+02
   1.5380500e+02
   1.5380500e+02
   1.5380500e+02
   1.5380500e+02
   1.5403950e+02
   1.5412580e+02
   1.5414890e+02
   1.5412740e+02
   1.5393950e+02
   1.5381330e+02
   1.5336070e+02
   1.5297710e+02
   1.5268600e+02
   1.5257960e+02
   1.5255140e+02
   1.5264090e+02
   1.5262660e+02
   1.5276530e+02
   1.5312090e+02
   1.5335730e+02
   1.5372600e+02
   1.5380710e+02
   1.5372340e+02
   1.5375780e+02
   1.5384430e+02
   1.5387440e+02
   1.5402670e+02
   1.5401220e+02
   1.5392860e+02
   1.5390100e+02
   1.5394390e+02
   1.5440990e+02
   1.5504460e+02
   1.5547440e+02
   1.5578780e+02
   1.5601300e+02
   1.5629770e+02
   1.5631130e+02
   1.5626960e+02
   1.5623670e+02
   1.5612090e+02
   1.5588020e+02
   1.5561440e+02
   1.5539850e+02
   1.5523840e+02
   1.5510960e+02
   1.5494660e+02
   1.5503570e+02
   1.5510110e+02
   1.5509170e+02
   1.5516360e+02
   1.5518080e+02
   1.5532030e+02
   1.5548600e+02
   1.5571760e+02
   1.5595730e+02
   1.5610010e+02
   1.5598920e+02
   1.5581450e+02
   1.5568520e+02
   1.5524250e+02
   1.5499130e+02
   1.5456200e+02
   1.5409470e+02
   1.5348960e+02
   1.5285640e+02
   1.5232510e+02
   1.5193220e+02
   1.5157790e+02
   1.5121850e+02
   1.5132260e+02
   1.5113200e+02
   1.5106000e+02
   1.5106720e+02
   1.5112840e+02
   1.5128910e+02
   1.5146560e+02
   1.5184840e+02
   1.5220110e+02
   1.5252990e+02
   1.5259820e+02
   1.5291640e+02
   1.5332650e+02
   1.5371140e+02
   1.5405800e+02
   1.5438110e+02
   1.5475500e+02
   1.5504310e+02
   1.5538260e+02
   1.5577580e+02
   1.5630490e+02
   1.5671370e+02
   1.5707930e+02
   1.5735620e+02
   1.5765920e+02
   1.5791540e+02
   1.5807670e+02
   1.5818280e+02
   1.5826390e+02
   1.5838540e+02
   1.5840200e+02
   1.5847380e+02
   1.5846610e+02
   1.5839330e+02
   1.5843140e+02
   1.5857080e+02
   1.5872200e+02
   1.5887250e+02
   1.5902920e+02
   1.5895410e+02
   1.5888450e+02
   1.5873720e+02
   1.5854010e+02
   1.5875930e+02
   1.5868410e+02
   1.5856430e+02
   1.5837770e+02
   1.5816390e+02
   1.5797360e+02
   1.5791450e+02
   1.5786490e+02
   1.5779720e+02
   1.5782890e+02
   1.5761300e+02
   1.5762800e+02
   1.5764600e+02
   1.5756980e+02
   1.5743380e+02
   1.5735290e+02
   1.5735070e+02
   1.5723330e+02
   1.5716130e+02
   1.5695690e+02
   1.5678230e+02
   1.5655500e+02
   1.5630980e+02
   1.5625000e+02
   1.5638200e+02
   1.5650480e+02
   1.5659750e+02
   1.5671320e+02
   1.5700090e+02
   1.5752360e+02
   1.5803280e+02
   1.5854600e+02
   1.5898450e+02
   1.5938620e+02
   1.5978860e+02
   1.6021150e+02
   1.6030870e+02
   1.6052770e+02
   1.6043310e+02
   1.6028650e+02
   1.6015030e+02
   1.6000000e+02
   1.5982050e+02
   1.5953990e+02
   1.5925480e+02
   1.5890730e+02
   1.5883840e+02
   1.5873880e+02
   1.5872920e+02
   1.5862760e+02
   1.5846050e+02
   1.5826800e+02
   1.5806050e+02
   1.5796420e+02
   1.5793660e+02
   1.5788870e+02
   1.5802040e+02
   1.5815850e+02
   1.5831090e+02
   1.5843690e+02
   1.5870560e+02
   1.5902880e+02
   1.5933900e+02
   1.5960590e+02
   1.5975110e+02
   1.5984120e+02
   1.5985890e+02
   1.5985350e+02
   1.5961220e+02
   1.5933320e+02
   1.5872670e+02
   1.5810980e+02
   1.5749720e+02
   1.5689170e+02
   1.5621630e+02
   1.5568680e+02
   1.5492930e+02
   1.5412460e+02
   1.5355080e+02
   1.5300850e+02
   1.5281500e+02
   1.5249540e+02
   1.5221760e+02
   1.5202140e+02
   1.5177850e+02
   1.5137790e+02
   1.5123860e+02
   1.5106210e+02
   1.5114220e+02
   1.5115940e+02
   1.5099170e+02
   1.5093960e+02
   1.5088850e+02
   1.5063930e+02
   1.5055950e+02
   1.5057800e+02
   1.5045020e+02
   1.5055370e+02
   1.5033690e+02
   1.5016660e+02
   1.5023760e+02
   1.5041950e+02
   1.5080820e+02
   1.5147660e+02
   1.5209230e+02
   1.5279800e+02
   1.5366910e+02
   1.5429820e+02
   1.5499890e+02
   1.5578500e+02
   1.5636970e+02
   1.5664380e+02
   1.5662570e+02
   1.5648940e+02
   1.5622020e+02
   1.5551790e+02
   1.5473780e+02
   1.5407390e+02
   1.5336270e+02
   1.5265790e+02
   1.5188700e+02
   1.5135720e+02
   1.5083750e+02
   1.5031740e+02
   1.5004880e+02
   1.4999130e+02
   1.4984690e+02
   1.4976850e+02
   1.4971540e+02
   1.4961900e+02
   1.4969970e+02
   1.4981200e+02
   1.5009140e+02
   1.5064410e+02
   1.5131210e+02
   1.5195710e+02
   1.5280310e+02
   1.5344300e+02
   1.5400780e+02
   1.5397790e+02
   1.5383840e+02
   1.5364500e+02
   1.5329420e+02
   1.5245310e+02
   1.5133180e+02
   1.5039280e+02
   1.4910250e+02
   1.4817820e+02
   1.4739580e+02
   1.4683310e+02
   1.4637480e+02
   1.4604710e+02
   1.4581420e+02
   1.4574090e+02
   1.4570680e+02
   1.4556870e+02
   1.4566280e+02
   1.4548260e+02
   1.4528260e+02
   1.4532440e+02
   1.4523010e+02
   1.4505490e+02
   1.4486650e+02
   1.4469820e+02
   1.4452890e+02
   1.4448600e+02
   1.4440340e+02
   1.4433760e+02
   1.4421040e+02
   1.4418600e+02
   1.4428240e+02
   1.4393000e+02
   1.4352050e+02
   1.4318730e+02
   1.4296610e+02
   1.4259620e+02
   1.4230420e+02
   1.4193700e+02
   1.4147560e+02
   1.4098110e+02
   1.4044340e+02
   1.4043440e+02
   1.4052530e+02
   1.4028670e+02
   1.3989600e+02
   1.3953750e+02
   1.3909830e+02
   1.3871680e+02
   1.3852680e+02
   1.3837170e+02
   1.3822500e+02
   1.3797120e+02
   1.3787830e+02
   1.3821310e+02
   1.3864900e+02
   1.3902310e+02
   1.3944160e+02
   1.3989170e+02
   1.4025990e+02
   1.4074750e+02
   1.4103830e+02
   1.4116170e+02
   1.4118330e+02
   1.4104710e+02
   1.4083800e+02
   1.4063920e+02
   1.4040270e+02
   1.4007000e+02
   1.3964520e+02
   1.3906160e+02
   1.3858340e+02
   1.3822350e+02
   1.3775110e+02
   1.3727770e+02
   1.3682600e+02
   1.3659730e+02
   1.3620230e+02
   1.3579670e+02
   1.3561890e+02
   1.3553510e+02
   1.3545600e+02
   1.3548920e+02
   1.3564240e+02
   1.3569290e+02
   1.3575610e+02
   1.3579990e+02
   1.3610770e+02
   1.3667390e+02
   1.3729910e+02
   1.3804830e+02
   1.3895350e+02
   1.3989640e+02
   1.4085860e+02
   1.4204940e+02
   1.4304440e+02
   1.4400220e+02
   1.4498880e+02
   1.4583680e+02
   1.4643600e+02
   1.4688400e+02
   1.4730290e+02
   1.4778680e+02
   1.4808530e+02
   1.4822020e+02
   1.4861710e+02
   1.4898440e+02
   1.4945010e+02
   1.5003590e+02
   1.5072990e+02
   1.5131800e+02
   1.5187440e+02
   1.5224940e+02
   1.5267690e+02
   1.5278660e+02
   1.5276210e+02
   1.5250160e+02
   1.5222580e+02
   1.5208220e+02
   1.5216740e+02
   1.5266260e+02
   1.5317270e+02
   1.5381360e+02
   1.5446580e+02
   1.5544450e+02
   1.5640620e+02
   1.5753900e+02
   1.5845740e+02
   1.5913600e+02
   1.5962130e+02
   1.5981450e+02
   1.6001870e+02
   1.6003500e+02
   1.6007110e+02
   1.6003430e+02
   1.6007360e+02
   1.6006840e+02
   1.6010170e+02
   1.5983500e+02
   1.5958870e+02
   1.5929380e+02
   1.5884550e+02
   1.5837940e+02
   1.5793780e+02
   1.5769930e+02
   1.5752390e+02
   1.5735200e+02
   1.5727340e+02
   1.5751760e+02
   1.5783930e+02
   1.5813490e+02
   1.5852200e+02
   1.5908080e+02
   1.5992680e+02
   1.6068780e+02
   1.6147330e+02
   1.6242790e+02
   1.6346660e+02
   1.6441950e+02
   1.6522860e+02
   1.6613090e+02
   1.6708860e+02
   1.6778970e+02
   1.6827960e+02
   1.6873440e+02
   1.6907160e+02
   1.6919070e+02
   1.6897670e+02
   1.6894030e+02
   1.6903810e+02
   1.6905400e+02
   1.6900780e+02
   1.6903880e+02
   1.6872590e+02
   1.6842190e+02
   1.6811690e+02
   1.6785240e+02
   1.6758430e+02
   1.6701840e+02
   1.6625190e+02
   1.6558600e+02
   1.6484570e+02
   1.6410860e+02
   1.6355820e+02
   1.6298410e+02
   1.6249660e+02
   1.6219900e+02
   1.6198980e+02
   1.6215570e+02
   1.6225970e+02
   1.6219040e+02
   1.6210420e+02
   1.6203290e+02
   1.6210530e+02
   1.6213650e+02
   1.6220200e+02
   1.6230180e+02
   1.6214020e+02
   1.6163900e+02
   1.6130640e+02
   1.6092460e+02
   1.6062280e+02
   1.6037340e+02
   1.6003730e+02
   1.5976210e+02
   1.5937960e+02
   1.5891920e+02
   1.5890790e+02
   1.5905690e+02
   1.5876390e+02
   1.5850320e+02
   1.5813020e+02
   1.5775930e+02
   1.5742540e+02
   1.5710690e+02
   1.5685220e+02
   1.5660930e+02
   1.5618820e+02
   1.5568790e+02
   1.5545360e+02
   1.5537740e+02
   1.5539100e+02
   1.5544740e+02
   1.5534060e+02
   1.5518900e+02
   1.5503500e+02
   1.5479330e+02
   1.5461010e+02
   1.5435030e+02
   1.5411180e+02
   1.5392140e+02
   1.5365500e+02
   1.5336410e+02
   1.5316110e+02
   1.5292140e+02
   1.5241930e+02
   1.5195940e+02
   1.5139200e+02
   1.5091350e+02
   1.5055520e+02
   1.5020150e+02
   1.4995840e+02
   1.4976810e+02
   1.4974780e+02
   1.4960350e+02
   1.4969150e+02
   1.4972590e+02
   1.4992520e+02
   1.4991480e+02
   1.4983730e+02
   1.4966120e+02
   1.4956430e+02
   1.4942760e+02
   1.4917660e+02
   1.4924910e+02
   1.4905950e+02
   1.4888650e+02
   1.4856840e+02
   1.4838630e+02
   1.4819570e+02
   1.4807290e+02
   1.4788490e+02
   1.4765520e+02
   1.4752540e+02
   1.4714520e+02
   1.4685250e+02
   1.4653920e+02
   1.4615950e+02
   1.4587120e+02
   1.4549930e+02
   1.4502850e+02
   1.4457300e+02
   1.4410730e+02
   1.4351890e+02
   1.4304860e+02
   1.4272400e+02
   1.4245280e+02
   1.4244520e+02
   1.4242450e+02
   1.4254420e+02
   1.4247170e+02
   1.4231240e+02
   1.4221900e+02
   1.4210310e+02
   1.4206290e+02
   1.4196520e+02
   1.4193680e+02
   1.4179300e+02
   1.4183260e+02
   1.4190080e+02
   1.4218680e+02
   1.4249430e+02
   1.4274710e+02
   1.4284850e+02
   1.4292070e+02
   1.4304880e+02
   1.4311010e+02
   1.4309970e+02
   1.4316270e+02
   1.4341400e+02
   1.4373990e+02
   1.4411150e+02
   1.4446920e+02
   1.4502950e+02
   1.4561220e+02
   1.4591850e+02
   1.4604970e+02
   1.4621710e+02
   1.4625950e+02
   1.4619240e+02
   1.4617810e+02
   1.4625260e+02
   1.4639200e+02
   1.4650970e+02
   1.4658310e+02
   1.4692460e+02
   1.4747250e+02
   1.4808620e+02
   1.4859050e+02
   1.4892040e+02
   1.4908100e+02
   1.4910460e+02
   1.4910790e+02
   1.4919100e+02
   1.4921870e+02
   1.4919270e+02
   1.4908950e+02
   1.4881010e+02
   1.4853440e+02
   1.4831330e+02
   1.4811950e+02
   1.4805030e+02
   1.4795810e+02
   1.4768650e+02
   1.4750440e+02
   1.4754820e+02
   1.4776530e+02
   1.4805230e+02
   1.4831780e+02
   1.4849610e+02
   1.4872990e+02
   1.4896770e+02
   1.4922870e+02
   1.4952680e+02
   1.4975990e+02
   1.4966720e+02
   1.4953930e+02
   1.4941430e+02
   1.4921390e+02
   1.4899720e+02
   1.4876700e+02
   1.4844620e+02
   1.4811650e+02
   1.4781400e+02
   1.4751880e+02
   1.4743650e+02
   1.4725680e+02
   1.4711140e+02
   1.4711620e+02
   1.4722280e+02
   1.4734810e+02
   1.4747340e+02
   1.4758980e+02
   1.4766830e+02
   1.4776910e+02
   1.4778690e+02
   1.4767060e+02
   1.4762040e+02
   1.4753700e+02
   1.4744680e+02
   1.4665280e+02
   1.4582600e+02
   1.4516010e+02
   1.4470960e+02
   1.4433740e+02
   1.4411200e+02
   1.4406940e+02
   1.4428130e+02
   1.4453680e+02
   1.4478320e+02
   1.4575910e+02
   1.4678910e+02
   1.4783620e+02
   1.4870520e+02
   1.4944890e+02
   1.4996670e+02
   1.5039600e+02
   1.5051860e+02
   1.5071980e+02
   1.5086100e+02
   1.5094440e+02
   1.5102840e+02
   1.5081510e+02
   1.5054390e+02
   1.5015320e+02
   1.4999120e+02
   1.4980600e+02
   1.4973240e+02
   1.4959290e+02
   1.4953060e+02
   1.4955140e+02
   1.4943440e+02
   1.4951060e+02
   1.4965840e+02
   1.4981920e+02
   1.4991070e+02
   1.5009990e+02
   1.5013690e+02
   1.5010900e+02
   1.5005810e+02
   1.4994270e+02
   1.4998460e+02
   1.5006000e+02
   1.5022850e+02
   1.5054090e+02
   1.5089850e+02
   1.5122410e+02
   1.5161470e+02
   1.5193820e+02
   1.5224900e+02
   1.5246190e+02
   1.5272140e+02
   1.5294790e+02
   1.5316220e+02
   1.5339130e+02
   1.5356690e+02
   1.5370880e+02
   1.5379430e+02
   1.5391370e+02
   1.5406480e+02
   1.5420130e+02
   1.5428550e+02
   1.5418890e+02
   1.5417010e+02
   1.5424120e+02
   1.5439860e+02
   1.5472980e+02
   1.5516770e+02
   1.5582850e+02
   1.5643270e+02
   1.5711100e+02
   1.5773940e+02
   1.5843190e+02
   1.5903600e+02
   1.5944000e+02
   1.5969520e+02
   1.5986580e+02
   1.5966070e+02
   1.5908500e+02
   1.5861000e+02
   1.5815810e+02
   1.5773850e+02
   1.5731740e+02
   1.5673440e+02
   1.5616500e+02
   1.5532540e+02
   1.5431910e+02
   1.5337030e+02
   1.5281740e+02
   1.5224400e+02
   1.5173060e+02
   1.5112270e+02
   1.5059130e+02
   1.5032260e+02
   1.5013210e+02
   1.5027600e+02
   1.5052160e+02
   1.5097770e+02
   1.5114750e+02
   1.5125090e+02
   1.5135250e+02
   1.5143900e+02
   1.5155280e+02
   1.5167500e+02
   1.5142360e+02
   1.5122140e+02
   1.5088830e+02
   1.5059860e+02
   1.5036000e+02
   1.5035320e+02
   1.5014190e+02
   1.5006120e+02
   1.4983870e+02
   1.4941660e+02
   1.4937580e+02
   1.4927660e+02
   1.4937730e+02
   1.4937340e+02
   1.4943650e+02
   1.4926750e+02
   1.4923040e+02
   1.4917050e+02
   1.4919030e+02
   1.4922110e+02
   1.4925060e+02
